    0.9056   -0.2110    0.7994    0.0812   -0.5937   -0.3625 -0.1048
    0.4081    0.3832    0.8782    0.8212    0.1161    0.3491 -0.7484
    0.9078    0.1386   -0.4521    0.1620    0.4215   -0.2027 0.6325
    0.1963   -0.3136   -0.0459   -0.5897   -0.0377    0.9156 -0.3953
    0.6815    0.1899   -0.4928    0.7679    0.4579   -0.6288 -0.9453
   -0.1144   -0.4521   -0.2758   -0.4286    0.2093   -0.1330 0.9064
    0.6736   -0.9038    0.0540   -0.7033    0.9764    0.3464 0.2863
    0.0374    0.6762   -0.2382    0.9517    0.8089   -0.1020 -0.6929
   -0.9556   -0.7949    0.6468   -0.4637    0.0475    0.1486 0.6993
   -0.2482    0.4565   -0.3710   -0.7134   -0.1800    0.7984 -0.6017
    0.7972   -0.1190    0.3264    0.7142   -0.4113    0.6865 0.8724
   -0.1420    0.9944    0.2950   -0.7533   -0.2669   -0.2709 -0.9681
   -0.6009    0.1249   -0.0593    0.8575   -0.4642   -0.4425 -0.1008
   -0.3938   -0.0683    0.4360    0.1195   -0.2035   -0.4958 -0.2338
    0.0766   -0.1620   -0.9618   -0.6447    0.7844   -0.5152 -0.1798
    0.8205   -0.5768   -0.0426    0.2304   -0.5467   -0.9878 0.8188
    0.0506   -0.5285    0.9786   -0.3130   -0.2811    0.6049 0.5735
   -0.3863   -0.3719    0.9548   -0.2812   -0.6553    0.8972 -0.7369
   -0.9311    0.7397   -0.0039   -0.1609    0.1148   -0.0462 -0.2005
    0.4307   -0.4963   -0.9182    0.5855   -0.1915   -0.3002 0.6395
    0.5374    0.9393   -0.7324   -0.3289    0.9549   -0.0004 -0.6098
   -0.8810   -0.3933    0.8698    0.7680    0.2767   -0.3536 0.8372
    0.2542   -0.2520   -0.9649   -0.0799    0.9394   -0.1789 0.4855
   -0.4696   -0.3033   -0.8778   -0.9991   -0.3721   -0.2439 -0.9862
   -0.3753    0.4017    0.0146    0.4712   -0.1878   -0.4284 0.6766
    0.0454    0.2288   -0.2460   -0.1442    0.3734   -0.9236 -0.3257
   -0.1827    0.5183   -0.7948   -0.9900   -0.6829   -0.9657 -0.8711
    0.7859    0.5981    0.0104    0.9335    0.5490    0.9755 0.4910
    0.1475   -0.5688   -0.5404    0.3372   -0.3898   -0.8454 -0.2270
    0.1358    0.7871   -0.6125    0.7939   -0.5097   -0.6107 -0.5619
